Total logarithmic activity coefficient:  [[-1.37174069 -2.50049234  0.61179347 -1.04270833]
 [-1.25493866 -2.22558762  0.55870154 -0.94881878]
 [-1.10577185 -1.85068388  0.46898996 -0.82187844]
 [-0.98213534 -1.50457484  0.36316014 -0.70505455]]
Residual logarithmic activity coefficient:  [[-0.15481589 -2.50005809  0.72561763 -1.02941046]
 [-0.03801386 -2.22515338  0.67252571 -0.93552091]
 [ 0.11115296 -1.85024963  0.58281413 -0.80858057]
 [ 0.23478946 -1.5041406   0.47698431 -0.69175668]]
Combinatorial logarithmic activity coefficient: [[-1.21692480e+00 -4.34243661e-04 -1.13824165e-01 -1.32978675e-02]
 [-1.21692480e+00 -4.34243661e-04 -1.13824165e-01 -1.32978675e-02]
 [-1.21692480e+00 -4.34243661e-04 -1.13824165e-01 -1.32978675e-02]
 [-1.21692480e+00 -4.34243661e-04 -1.13824165e-01 -1.32978675e-02]]
Total logarithmic activity coefficient:  [[-1.75782587  0.02150153  0.19155186]
 [-1.53422415  0.03164822  0.22032896]
 [-1.24608205  0.0432847   0.2520102 ]
 [-0.9997202   0.05091496  0.27038404]]
Residual logarithmic activity coefficient:  [[-1.23091395  0.05441934  0.31241603]
 [-1.00731224  0.06456602  0.34119312]
 [-0.71917014  0.0762025   0.37287436]
 [-0.47280828  0.08383277  0.39124821]]
Combinatorial logarithmic activity coefficient: [[-0.52691192 -0.0329178  -0.12086417]
 [-0.52691192 -0.0329178  -0.12086417]
 [-0.52691192 -0.0329178  -0.12086417]
 [-0.52691192 -0.0329178  -0.12086417]]
Total logarithmic activity coefficient:  [[-0.76206525 -0.18355353 -0.33731125 -1.04493585 -2.50620349]
 [-0.6734229  -0.11598363 -0.26974135 -0.94178693 -2.24136453]
 [-0.56753839 -0.03856031 -0.19231804 -0.80159038 -1.88072814]
 [-0.49112204  0.01205042 -0.1417073  -0.67222166 -1.54788162]]
Residual logarithmic activity coefficient:  [[ 0.53502544  0.33791596  0.33791596 -1.0366106  -2.50277047]
 [ 0.62366779  0.40548586  0.40548586 -0.93346167 -2.23793151]
 [ 0.7295523   0.48290918  0.48290918 -0.79326512 -1.87729513]
 [ 0.80596865  0.53351991  0.53351991 -0.6638964  -1.5444486 ]]
Combinatorial logarithmic activity coefficient: [[-1.29709069 -0.52146949 -0.67522722 -0.00832526 -0.00343302]
 [-1.29709069 -0.52146949 -0.67522722 -0.00832526 -0.00343302]
 [-1.29709069 -0.52146949 -0.67522722 -0.00832526 -0.00343302]
 [-1.29709069 -0.52146949 -0.67522722 -0.00832526 -0.00343302]]
Total logarithmic activity coefficient:  [[-0.89430837  0.        ]
 [-0.76114645  0.        ]
 [-0.5910884   0.        ]
 [-0.44624912  0.        ]]
Residual logarithmic activity coefficient:  [[-0.78409761  0.        ]
 [-0.65093569  0.        ]
 [-0.48087763  0.        ]
 [-0.33603836  0.        ]]
Combinatorial logarithmic activity coefficient: [[-0.11021077  0.        ]
 [-0.11021077  0.        ]
 [-0.11021077  0.        ]
 [-0.11021077  0.        ]]
Total logarithmic activity coefficient:  [[-1.74724263 -2.27412141 -0.38900896  0.02317351 -0.83638491]
 [-1.59318345 -2.0504255  -0.37604406  0.04671673 -0.69325871]
 [-1.39750652 -1.74277235 -0.36350616  0.07445896 -0.51029448]
 [-1.23340331 -1.4559472  -0.35904759  0.09358024 -0.35672435]]
Residual logarithmic activity coefficient:  [[-1.15565921 -2.24420963 -0.38229416  0.11464224 -0.73262395]
 [-1.00160004 -2.02051373 -0.36932926  0.13818546 -0.58949774]
 [-0.80592311 -1.71286057 -0.35679136  0.16592769 -0.40653352]
 [-0.6418199  -1.42603543 -0.35233279  0.18504896 -0.25296338]]
Combinatorial logarithmic activity coefficient: [[-0.59158342 -0.02991178 -0.0067148  -0.09146873 -0.10376097]
 [-0.59158342 -0.02991178 -0.0067148  -0.09146873 -0.10376097]
 [-0.59158342 -0.02991178 -0.0067148  -0.09146873 -0.10376097]
 [-0.59158342 -0.02991178 -0.0067148  -0.09146873 -0.10376097]]
Total logarithmic activity coefficient:  [[-0.13476627  0.36582656  0.11019727  0.00279001]
 [-0.07920665  0.36812591  0.11372522  0.03056947]
 [-0.02233051  0.36816111  0.11579027  0.06334521]
 [ 0.00443741  0.36325759  0.11439205  0.08671802]]
Residual logarithmic activity coefficient:  [[0.68181239 0.37704991 0.1169989  0.05308888]
 [0.73737201 0.37934926 0.12052685 0.08086834]
 [0.79424815 0.37938446 0.12259189 0.11364409]
 [0.82101607 0.37448094 0.12119367 0.1370169 ]]
Combinatorial logarithmic activity coefficient: [[-0.81657866 -0.01122335 -0.00680163 -0.05029888]
 [-0.81657866 -0.01122335 -0.00680163 -0.05029888]
 [-0.81657866 -0.01122335 -0.00680163 -0.05029888]
 [-0.81657866 -0.01122335 -0.00680163 -0.05029888]]
Total logarithmic activity coefficient:  [[ 2.05289180e+00  1.69885538e+00 -1.15774800e+01  4.17792453e-01
  -6.90029536e-01 -5.69397991e+00 -2.20445744e-04]
 [ 2.03867840e+00  1.95357981e+00 -1.11270079e+01  7.49963787e-01
  -6.99389193e-01 -5.12345528e+00 -1.99612468e-04]
 [ 1.98106978e+00  2.24192148e+00 -1.06092871e+01  1.15414749e+00
  -7.27480669e-01 -4.34766234e+00 -1.71457283e-04]
 [ 1.87051707e+00  2.42088414e+00 -1.02674082e+01  1.45520679e+00
  -7.71044233e-01 -3.63212050e+00 -1.46140910e-04]]
Residual logarithmic activity coefficient:  [[ 3.67361254e+00  2.76553070e+00  2.65184241e+00  9.36017908e-01
  -4.66619227e-01 -5.67324228e+00 -1.66062209e-04]
 [ 3.65939914e+00  3.02025513e+00  3.10231453e+00  1.26818924e+00
  -4.75978883e-01 -5.10271765e+00 -1.45228933e-04]
 [ 3.60179052e+00  3.30859680e+00  3.62003535e+00  1.67237294e+00
  -5.04070359e-01 -4.32692472e+00 -1.17073748e-04]
 [ 3.49123781e+00  3.48755946e+00  3.96191419e+00  1.97343224e+00
  -5.47633923e-01 -3.61138288e+00 -9.17573755e-05]]
Combinatorial logarithmic activity coefficient: [[-1.62072074e+00 -1.06667532e+00 -1.42293224e+01 -5.18225455e-01
  -2.23410310e-01 -2.07376283e-02 -5.43835349e-05]
 [-1.62072074e+00 -1.06667532e+00 -1.42293224e+01 -5.18225455e-01
  -2.23410310e-01 -2.07376283e-02 -5.43835349e-05]
 [-1.62072074e+00 -1.06667532e+00 -1.42293224e+01 -5.18225455e-01
  -2.23410310e-01 -2.07376283e-02 -5.43835349e-05]
 [-1.62072074e+00 -1.06667532e+00 -1.42293224e+01 -5.18225455e-01
  -2.23410310e-01 -2.07376283e-02 -5.43835349e-05]]
Total logarithmic activity coefficient:  [[ 1.95022038e+00  1.60111646e+00 -1.14657516e+01 -4.13984150e-01
  -6.98319219e-01 -4.54038736e-01 -6.43427934e-06]
 [ 1.93948994e+00  1.85761252e+00 -1.10185434e+01 -1.78529814e-01
  -7.04428516e-01 -3.76841366e-01 -1.95256046e-06]
 [ 1.88807551e+00  2.14941247e+00 -1.05034971e+01  1.04459421e-01
  -7.28494821e-01 -2.83755142e-01  1.44321274e-06]
 [ 1.78547693e+00  2.33331552e+00 -1.01612017e+01  3.13365382e-01
  -7.68706144e-01 -2.12193119e-01 -2.57586038e-06]]
Residual logarithmic activity coefficient:  [[ 3.50392400e+00  2.62972170e+00  2.50302281e+00  2.46178294e-01
  -4.95997407e-01 -3.57197545e-01  5.59958224e-04]
 [ 3.49319356e+00  2.88621776e+00  2.95023092e+00  4.81632630e-01
  -5.02106703e-01 -2.80000176e-01  5.64439943e-04]
 [ 3.44177913e+00  3.17801771e+00  3.46527729e+00  7.64621865e-01
  -5.26173008e-01 -1.86913951e-01  5.67835716e-04]
 [ 3.33918055e+00  3.36192076e+00  3.80757263e+00  9.73527826e-01
  -5.66384332e-01 -1.15351928e-01  5.63816643e-04]]
Combinatorial logarithmic activity coefficient: [[-1.55370362e+00 -1.02860524e+00 -1.39687744e+01 -6.60162444e-01
  -2.02321813e-01 -9.68411905e-02 -5.66392504e-04]
 [-1.55370362e+00 -1.02860524e+00 -1.39687744e+01 -6.60162444e-01
  -2.02321813e-01 -9.68411905e-02 -5.66392504e-04]
 [-1.55370362e+00 -1.02860524e+00 -1.39687744e+01 -6.60162444e-01
  -2.02321813e-01 -9.68411905e-02 -5.66392504e-04]
 [-1.55370362e+00 -1.02860524e+00 -1.39687744e+01 -6.60162444e-01
  -2.02321813e-01 -9.68411905e-02 -5.66392504e-04]]
Total logarithmic activity coefficient:  [[ 1.91098279e+00  1.57373241e+00 -1.15212186e+01  7.84039669e-01
  -6.80393354e-01 -4.63615987e-01  5.72687951e-05]
 [ 1.90258267e+00  1.83167588e+00 -1.10717452e+01  8.70450337e-01
  -6.90167515e-01 -3.85424024e-01  8.54340199e-05]
 [ 1.85403853e+00  2.12543004e+00 -1.05537437e+01  9.64892556e-01
  -7.18730397e-01 -2.91059328e-01  1.17107080e-04]
 [ 1.75393051e+00  2.31116630e+00 -1.02088014e+01  1.01735968e+00
  -7.62552140e-01 -2.18401712e-01  1.34465298e-04]]
Residual logarithmic activity coefficient:  [[ 3.47447596e+00  2.60620817e+00  2.47065670e+00  1.14066869e+00
  -4.74712400e-01 -3.64017485e-01  5.26983306e-04]
 [ 3.46607585e+00  2.86415164e+00  2.92013012e+00  1.22707936e+00
  -4.84486561e-01 -2.85825522e-01  5.55148531e-04]
 [ 3.41753170e+00  3.15790581e+00  3.43813162e+00  1.32152158e+00
  -5.13049444e-01 -1.91460827e-01  5.86821591e-04]
 [ 3.31742368e+00  3.34364206e+00  3.78307388e+00  1.37398870e+00
  -5.56871186e-01 -1.18803211e-01  6.04179809e-04]]
Combinatorial logarithmic activity coefficient: [[-1.56349317e+00 -1.03247576e+00 -1.39918753e+01 -3.56629020e-01
  -2.05680954e-01 -9.95985016e-02 -4.69714511e-04]
 [-1.56349317e+00 -1.03247576e+00 -1.39918753e+01 -3.56629020e-01
  -2.05680954e-01 -9.95985016e-02 -4.69714511e-04]
 [-1.56349317e+00 -1.03247576e+00 -1.39918753e+01 -3.56629020e-01
  -2.05680954e-01 -9.95985016e-02 -4.69714511e-04]
 [-1.56349317e+00 -1.03247576e+00 -1.39918753e+01 -3.56629020e-01
  -2.05680954e-01 -9.95985016e-02 -4.69714511e-04]]
